H1_PEM-VAULT_MAG_1030X195Y_COIL_X_DQ_1238166018_1238170549.gwf	1238166018	4531	0	0
H1_PEM-VAULT_MAG_1030X195Y_COIL_X_DQ_1238170954_1238172929.gwf	1238170954	1975	0	0
H1_PEM-VAULT_MAG_1030X195Y_COIL_X_DQ_1238172987_1238196793.gwf	1238172987	23806	0	0
H1_PEM-VAULT_MAG_1030X195Y_COIL_X_DQ_1238198080_1238215142.gwf	1238198080	17062	0	0
H1_PEM-VAULT_MAG_1030X195Y_COIL_X_DQ_1238227174_1238232306.gwf	1238227174	5132	0	0
H1_PEM-VAULT_MAG_1030X195Y_COIL_X_DQ_1238235751_1238239667.gwf	1238235751	3916	0	0
H1_PEM-VAULT_MAG_1030X195Y_COIL_X_DQ_1238245131_1238252455.gwf	1238245131	7324	0	0
H1_PEM-VAULT_MAG_1030X195Y_COIL_X_DQ_1238290519_1238292971.gwf	1238290519	2452	0	0
H1_PEM-VAULT_MAG_1030X195Y_COIL_X_DQ_1238538791_1238538970.gwf	1238538791	179	0	0
H1_PEM-VAULT_MAG_1030X195Y_COIL_Y_DQ_1238166018_1238170549.gwf	1238166018	4531	0	0
H1_PEM-VAULT_MAG_1030X195Y_COIL_Y_DQ_1238170954_1238172929.gwf	1238170954	1975	0	0
H1_PEM-VAULT_MAG_1030X195Y_COIL_Y_DQ_1238172987_1238196793.gwf	1238172987	23806	0	0
H1_PEM-VAULT_MAG_1030X195Y_COIL_Y_DQ_1238198080_1238215142.gwf	1238198080	17062	0	0
H1_PEM-VAULT_MAG_1030X195Y_COIL_Y_DQ_1238227174_1238232306.gwf	1238227174	5132	0	0
H1_PEM-VAULT_MAG_1030X195Y_COIL_Y_DQ_1238235751_1238239667.gwf	1238235751	3916	0	0
H1_PEM-VAULT_MAG_1030X195Y_COIL_Y_DQ_1238245131_1238252455.gwf	1238245131	7324	0	0
H1_PEM-VAULT_MAG_1030X195Y_COIL_Y_DQ_1238290519_1238292971.gwf	1238290519	2452	0	0
H1_PEM-VAULT_MAG_1030X195Y_COIL_Y_DQ_1238538791_1238538970.gwf	1238538791	179	0	0
